250;B1;3.2
23850;B2;2.72
23299;B1;2.46
20422;B3;1.11;1.09
24583;B1;2.56
29341;B3;1.34;1.45
2937;B1;2.74
2939;B3;1.16;1.18
2940;B3;1.16;1.17
23742;B3;1.1;1.31
21521;B2;2.4
29626;B3;1.35;1.35
29652;B1;3.5
29651;B1;3.9
29642;B3;1.05;1.75
29647;B3;1.42;1.23
20423;B3;1.11;1.09
21520;B2;2.74
500;B1;3.0
244;B1;3.64
384;B3;1.2;1.41
23748;B3;1.11;1.37
22114;B1;2.08
20536;B1;2.02
20490;B3;1.13;1.02
439;B3;1.46;1.1
20481;B1;2.1
1166;B3;1.1;1.53
24668;B1;3.26
24725;B3;1.25;1.47
25137;B3;1.15;1.68
29197;B2;3.44
29209;B2;3.6
29343;B3;1.3;1.46
29340;B2;2.9
1826;B1;3.46
29503;B3;1.18;1.44
25135;B1;3.1
25127;B3;1.0;2.08
25136;B3;1.41;1.27
25130;B3;1.47;1.25
29184;B3;1.18;1.49
20424;B3;1.14;1.06
21522;B2;2.36
21111;B1;3.76
21160;B3;1.0;1.93
21112;B3;1.68;1.13
21109;B3;1.78;1.08
25126;B3;1.5;1.19
29226;B2;3.7
29192;B3;1.46;1.1
29631;B1;3.46
29623;B1;3.66
29629;B3;1.02;1.8
29622;B3;1.13;1.55
29630;B3;1.18;1.58
29624;B3;1.33;1.41
29628;B3;1.38;1.3
29627;B3;1.78;1.01
29648;B3;1.18;1.53
29653;B3;1.0;2.03
29655;B3;1.27;1.46
29661;B3;1.38;1.38
29659;B3;1.48;1.15
29654;B2;3.66
2452;B1;3.04
2931;B3;1.19;1.15
21056;B2;2.5
21059;B2;2.04
22593;B1;2.46
4016;B2;2.7
24430;B2;2.68
20425;B3;1.06;1.14
13200;B1;3.74
29194;B3;1.34;1.18
29198;B2;2.6
1701;B3;1.0;1.65
23744;B3;1.31;1.1
23848;B1;2.96
20482;B1;2.7
29210;B2;2.6
25021;B3;1.15;1.44
21507;B1;2.1
21156;B3;1.9;1.03
24728;B3;1.22;1.4
24727;B3;1.25;1.43
28963;B3;1.2;1.5
29219;B1;2.6
29245;B1;2.7
29662;B3;1.41;1.13
20910;B3;1.08;1.65
29668;B1;3.4
2385;B3;1.39;1.1
2632;B1;2.76
2635;B2;2.66
2955;B2;2.3
23750;B1;2.7
23752;B2;2.82
23847;B1;2.72
4899;B1;2.34
6011;B3;1.0;1.18
21523;B1;2.36
1837;B3;1.36;1.46
29189;B2;2.84
29625;B2;3.4
29650;B1;2.86
29649;B3;1.1;1.78
29644;B3;1.15;1.53
29645;B3;1.25;1.47
29657;B1;3.76
29658;B3;1.48;1.2
2444;B1;3.2
2514;B3;1.1;1.41
23745;B3;1.08;1.41
20518;B1;2.12
21525;B2;2.5
2967;B1;2.04
20149;B3;1.4;1.17
24432;B2;3.16
20951;B1;2.68
21064;B2;2.1
4498;B1;2.6
4501;B1;2.7
4505;B1;2.8
21991;B1;2.6
521;B1;3.24
189;B3;1.15;1.47
22573;B1;2.56
22290;B2;2.9
22203;B1;2.62
28865;B2;3.8
1799;B3;1.08;1.6
23938;B2;3.18
2945;B3;1.18;1.15
22035;B1;2.36
23438;B1;2.74
13249;B2;2.3
1814;B3;1.11;1.63
23797;B1;3.18
23791;B1;3.96
23621;B3;1.12;1.78
23792;B3;1.36;1.35
24577;B1;2.72
24582;B2;3.3
20788;B3;1.15;1.58
29320;B1;2.32
29322;B2;3.32
29325;B2;2.66
24431;B3;1.41;1.02
23338;B2;2.46
21456;B1;2.36
21971;B1;2.5
4819;B1;2.7
29324;B3;1.58;1.16
29321;B3;1.32;1.38
21986;B1;2.84
20830;B1;2.7
1927;B1;2.68
2951;B1;2.6
2947;B1;3.5
2946;B3;1.18;1.31
2948;B3;1.18;1.2
13245;B3;1.04;1.93
13220;B2;3.36
20900;B1;2.7
23406;B2;2.2
21491;B2;2.5
22010;B1;2.2
22007;B3;1.02;1.05
20820;B3;1.02;1.28
20821;B3;1.14;1.14
20829;B1;3.2
20814;B3;1.15;1.16
20150;B3;1.25;1.29
4458;B1;2.36
4126;B3;1.0;1.09
157;B3;1.24;1.45
29660;B1;3.8
2943;B3;1.0;1.5
2944;B3;1.05;1.39
4342;B2;2.44
23336;B1;2.5
28866;B3;1.0;1.75
28870;B3;1.01;1.73
28867;B3;1.5;1.15
28869;B3;1.58;1.14
23887;B1;2.64
23940;B1;2.8
23943;B1;3.74
23846;B3;1.09;1.7
23942;B3;1.13;1.7
23941;B3;1.34;1.33
23930;B2;3.24
22291;B3;1.63;1.08
23703;B1;2.6
23794;B1;2.72
23706;B1;3.26
23582;B3;1.5;1.3
23710;B3;1.73;1.11
13244;B1;3.54
24584;B1;3.1
21191;B1;2.32
29282;B3;1.25;1.33
123;B3;1.37;1.25
1770;B3;1.01;2.1
1688;B3;1.43;1.43
29279;B1;3.5
29280;B3;1.16;1.38
29281;B2;3.5
22189;B1;2.54
304;B1;2.76
29185;B3;1.63;1.1
1375;B3;1.55;1.13
4309;B1;2.46
29378;B1;3.9
29383;B3;1.18;1.68
2050;B3;1.33;1.05
4047;B1;2.66
29388;B1;3.12
29386;B3;1.13;1.46
1376;B3;1.08;1.58
15537;B1;2.66
15601;B1;2.74
4086;B1;2.12
29159;B1;3.1
23691;B1;2.88
23605;B3;1.19;1.65
29295;B3;1.2;1.33
15535;B1;2.82
4112;B1;2.56
15534;B1;2.64
4121;B1;2.04
29969;B2;2.7
4122;B1;2.26
15602;B3;1.0;1.04
