23454;B3;4.9;6.5
29154;B1;3.64
477;B3;5.4;5.64
23875;B3;4.1;8.5
15624;B1;2.56
6452;B1;2.42
6477;B1;3.12
6484;B3;5.0;4.96
6490;B3;7.5;4.1
1503;B3;5.76;4.66
24319;B2;3.22
20582;B3;4.3;6.6
20610;B3;6.5;5.0
6230;B1;3.0
23257;B3;5.2;5.7
20585;B3;5.5;5.96
1004;B3;4.9;6.5
20158;B3;5.4;5.56
21992;B3;4.6;6.5
6198;B3;4.4;6.2
20611;B1;3.9
20617;B3;4.2;7.0
20619;B3;5.32;5.0
12997;B1;3.26
22839;B3;7.8;4.4
20583;B1;3.7
999;B1;2.64
814;B2;3.34
901;B1;2.86
1000;B1;3.7
20134;B1;3.2
20554;B3;6.9;4.4
22842;B1;3.0
519;B3;4.1;6.1
1095;B3;5.0;6.1
23869;B3;4.9;6.6
22398;B3;5.44;5.2
1129;B3;4.36;7.2
1143;B3;4.84;6.7
1611;B3;4.52;6.4
24320;B3;4.2;6.5
24318;B3;6.3;4.5
247;B1;3.08
1504;B3;6.2;4.3
24321;B3;4.3;6.7
