2410;B3;1.03;1.15
2442;B3;1.14;1.06
2443;B3;1.0;1.19
2453;B3;1.06;1.14
23837;B1;3.1
23845;B2;2.96
2465;B3;1.09;1.11
2751;B1;2.82
2866;B3;1.16;1.18
2501;B3;1.09;1.11
2607;B1;3.16
23732;B1;3.24
2627;B3;1.15;1.06
2606;B3;1.13;1.35
2679;B3;1.39;1.0
23851;B1;2.76
2639;B3;1.06;1.14
2276;B3;1.05;1.39
2154;B1;3.5
23733;B1;2.96
23731;B2;3.56
23840;B1;2.48
2542;B1;2.88
2251;B1;2.76
2630;B1;2.1
2628;B1;2.88
23838;B1;2.68
23843;B1;3.24
23852;B3;1.19;1.19
2151;B3;1.2;1.18
2227;B1;2.92
2256;B1;2.96
2480;B1;3.26
2612;B3;1.23;1.23
2159;B3;1.24;1.24
23835;B2;2.92
2342;B1;2.66
2277;B3;1.22;1.18
2259;B3;1.37;1.12
2250;B3;1.3;1.18
2941;B3;1.01;1.45
2793;B3;1.32;1.13
2667;B2;2.94
2002;B3;1.04;1.33
2642;B1;2.96
2643;B3;1.29;1.11
24433;B1;2.56
24438;B1;2.74
24435;B1;3.1
24437;B2;3.1
2031;B3;1.02;1.39
2032;B3;1.13;1.27
2119;B3;1.14;1.26
24401;B1;2.3
24422;B1;3.26
24420;B3;1.13;1.15
24423;B3;1.13;1.15
24424;B3;1.21;1.1
2942;B3;1.29;1.13
29968;B1;2.5
